314	186	187	312	1	1	999
320	165	176	338	1	3	997
333	164	200	303	0	6	994
316	188	188	308	0	10	990
297	193	193	317	0	11	989
316	202	172	310	0	7	993
305	196	190	309	0	3	997
302	200	196	302	0	4	996
285	208	192	315	0	4	996
370	184	174	272	0	5	995
315	182	184	319	0	6	994
290	183	206	321	0	8	992
298	206	189	307	0	7	993
309	193	193	305	0	5	995
299	189	208	304	0	4	996
319	192	184	305	0	13	987
321	193	202	284	0	12	988
319	204	191	286	0	10	990
301	213	183	303	0	9	991
306	201	179	314	0	10	990
321	171	193	315	0	8	992
298	230	192	280	0	7	993
298	191	198	313	0	9	991
302	193	196	309	0	9	991
281	207	191	320	1	8	992
310	200	202	287	1	11	989
304	193	199	302	2	15	985
280	192	218	308	2	12	988
308	200	189	301	2	10	990
286	227	190	295	2	11	989
299	195	203	301	2	10	990
287	205	196	310	2	9	991
294	204	207	293	2	10	990
333	157	186	322	2	10	990
269	205	226	298	2	12	988
281	192	217	308	2	13	987
317	186	201	295	1	14	986
306	186	173	335	0	12	988
308	197	196	299	0	12	988
306	192	207	295	0	16	984
280	218	192	310	0	17	983
294	205	203	297	1	16	984
326	210	195	268	1	20	980
313	199	207	280	1	24	976
301	210	196	291	2	21	979
319	202	183	294	2	20	980
300	187	200	310	3	24	976
290	190	217	301	2	20	980
310	191	204	293	2	19	981
299	209	195	294	3	24	976
320	192	191	294	3	27	973
305	200	197	296	2	23	977
310	206	191	288	5	29	971
300	196	200	302	2	24	976
299	198	221	281	1	25	975
287	189	223	300	1	34	966
284	222	199	295	0	32	968
286	228	197	289	0	37	963
328	186	174	312	0	34	966
310	179	191	320	0	33	967
314	219	183	284	0	40	960
327	188	196	289	0	41	959
311	190	185	314	0	45	955
303	191	201	305	0	44	956
287	226	191	296	0	56	944
315	200	177	308	0	281	719
23	15	19	21	922	930	70
286	208	206	297	3	196	804
279	212	208	297	4	187	813
304	201	207	284	4	190	810
286	217	181	312	4	211	789
280	190	216	311	3	215	785
287	228	185	297	3	218	782
288	191	198	319	4	234	766
286	207	223	281	3	231	769
277	218	213	290	2	103	897
286	214	198	300	2	109	891
309	204	205	281	1	106	894
316	202	197	284	1	101	899
306	198	207	289	0	108	892
327	199	202	272	0	121	879
302	214	195	289	0	127	873
309	196	201	293	1	125	875
288	187	198	326	1	134	866
282	214	196	307	1	133	867
286	199	195	319	1	166	834
309	202	212	276	1	171	829
294	211	200	294	1	166	834
299	202	204	294	1	159	841
276	222	220	281	1	170	830
308	205	196	291	0	210	790
299	195	216	284	6	213	787
290	189	202	315	4	221	779
315	177	231	273	4	222	778
268	209	218	301	4	234	766
301	197	202	296	4	273	727
290	190	212	304	4	268	732
296	178	213	309	4	271	729
296	187	215	298	4	275	725
283	241	196	278	2	287	713
